600 0.00029869
601 0.00031738
602 0.00033846
603 0.00036711
604 0.00040625
605 0.00044046
606 0.00045783
607 0.00045956
608 0.00045349
609 0.0004263
610 0.00037961
611 0.00035367
612 0.00031931
613 0.00029956
614 0.00028399
615 0.00027926
616 0.00027642
617 0.00028871
618 0.00030538
619 0.00032525
620 0.00035418
621 0.00038283
622 0.00041649
623 0.0004424
624 0.00047183
625 0.00048116
626 0.00048153
627 0.00046317
628 0.00044299
629 0.00041923
630 0.00040417
631 0.00038877
632 0.0003795
633 0.00037461
634 0.00039164
635 0.00040116
636 0.0004313
637 0.00047268
638 0.00050791
639 0.00057135
640 0.00064111
641 0.00072122
642 0.00079299
643 0.00084848
644 0.00089354
645 0.00088688
646 0.00088189
647 0.00084939
648 0.00080226
649 0.00076022
650 0.00070998
651 0.00067939
652 0.00066698
653 0.00066373
654 0.00066502
655 0.00067753
656 0.0007119
657 0.00075524
658 0.00082003
659 0.00091515
660 0.0010365
661 0.0011775
662 0.0013941
663 0.0016584
664 0.0020268
665 0.0025293
666 0.0032116
667 0.0041208
668 0.0053409
669 0.0068583
670 0.0086509
671 0.01063
672 0.012487
673 0.013977
674 0.014889
675 0.015265
676 0.015315
677 0.015169
678 0.015114
679 0.015184
680 0.015408
681 0.016033
682 0.016885
683 0.018207
684 0.020003
685 0.022307
686 0.025526
687 0.0296
688 0.035069
689 0.042357
690 0.05187
691 0.065093
692 0.08281
693 0.10751
694 0.14199
695 0.19135
696 0.26143
697 0.362
698 0.50741
699 0.7157
700 1.0103
701 1.4073
702 1.9351
703 2.5996
704 3.3762
705 4.2503
706 5.204
707 6.2196
708 7.3246
709 8.5243
710 9.8741
711 11.413
712 13.126
713 15.055
714 17.159
715 19.405
716 21.775
717 24.157
718 26.545
719 28.937
720 31.256
721 33.511
722 35.784
723 37.991
724 40.187
725 42.352
726 44.5
727 46.71
728 48.884
729 51.099
730 53.442
731 55.824
732 58.29
733 60.884
734 63.49
735 66.175
736 68.715
737 71.247
738 73.57
739 75.622
740 77.445
741 78.933
742 80.098
743 81.128
744 81.846
745 82.389
746 82.761
747 83.105
748 83.383
749 83.575
750 83.802
751 84.004
752 84.242
753 84.35
754 84.495
755 84.623
756 84.78
757 85.001
758 85.167
759 85.366
760 85.566
761 85.848
762 86.117
763 86.39
764 86.663
765 86.998
766 87.145
767 87.417
768 87.591
769 87.729
770 87.794
771 87.896
772 87.839
773 87.923
774 87.92
775 87.865
776 87.9
777 87.99
778 88.015
779 88.103
780 88.153
781 88.261
782 88.383
783 88.477
784 88.609
785 88.636
786 88.788
787 88.885
788 89.012
789 89.083
790 89.099
791 89.248
792 89.257
793 89.276
794 89.293
795 89.372
796 89.343
797 89.368
798 89.396
799 89.325
800 89.281
801 89.259
802 89.223
803 89.214
804 89.168
805 89.047
806 88.911
807 88.964
808 88.935
809 88.986
810 88.985
811 88.993
812 89.016
813 89.014
814 89.068
815 89.212
816 89.296
817 89.4
818 89.367
819 89.541
820 89.758
821 89.819
822 89.856
823 89.994
824 90.058
825 90.195
826 90.272
827 90.234
828 90.372
829 90.321
830 90.431
831 90.353
832 90.401
833 90.384
834 90.479
835 90.403
836 90.496
837 90.328
838 90.265
839 90.301
840 90.285
841 90.333
842 90.208
843 90.253
844 90.274
845 90.283
846 90.181
847 90.185
848 90.2
849 90.157
850 90.221
851 89.976
852 90.049
853 89.968
854 89.835
855 89.872
856 89.826
857 89.768
858 89.678
859 89.775
860 89.749
861 89.766
862 89.721
863 89.66
864 89.617
865 89.615
866 89.49
867 89.362
868 89.222
869 89.031
870 88.738
871 88.557
872 88.061
873 87.543
874 86.978
875 85.905
876 84.536
877 82.75
878 80.609
879 77.618
880 73.956
881 69.692
882 64.493
883 58.89
884 53.43
885 47.764
886 42.184
887 36.988
888 32.109
889 27.601
890 23.944
891 20.612
892 17.649
893 15.199
894 12.989
895 11.087
896 9.5603
897 8.2599
898 7.1552
899 6.3022
900 5.4766
901 4.7029
902 3.8342
903 3.1536
904 2.5583
905 2.0699
906 1.6709
907 1.3367
908 1.0659
909 0.85875
910 0.68909
911 0.54831
912 0.44193
913 0.35315
914 0.28109
915 0.22775
916 0.18578
917 0.15178
918 0.12406
919 0.10312
920 0.085415
921 0.071206
922 0.06064
923 0.051602
924 0.044371
925 0.038432
926 0.03329
927 0.02903
928 0.025862
929 0.02296
930 0.020584
931 0.018697
932 0.016929
933 0.015438
934 0.014155
935 0.012981
936 0.011958
937 0.011295
938 0.010589
939 0.010039
940 0.0093229
941 0.0089637
942 0.0084066
943 0.0081572
944 0.0076925
945 0.0075008
946 0.0070336
947 0.0068147
948 0.0067249
949 0.0064779
950 0.0063562
951 0.0061327
952 0.0059519
953 0.0059086
954 0.0058419
955 0.0056188
956 0.0055235
957 0.0053877
958 0.0055608
959 0.0053001
960 0.0052897
961 0.005221
962 0.0051353
963 0.004897
964 0.0049473
965 0.0048252
966 0.0047357
967 0.0046607
968 0.0046827
969 0.0046734
970 0.0046424
971 0.0046001
972 0.0044211
973 0.0045338
974 0.0043742
975 0.0043639
976 0.0043237
977 0.0042264
978 0.0042684
979 0.0042316
980 0.0042175
981 0.0041232
982 0.0041185
983 0.0040603
984 0.004118
985 0.0040251
986 0.0041103
987 0.0040832
988 0.0039448
989 0.0039481
990 0.0038991
991 0.0037917
992 0.0038579
993 0.0037659
994 0.00386
995 0.0037914
996 0.0038472
997 0.0037577
998 0.0036949
999 0.0038178
1000 0.003871
