500 7.0542e-06
501 1.1975e-05
502 7.2081e-06
503 1.088e-06
504 6.2086e-07
505 1.0021e-06
506 3.7143e-06
507 9.0869e-06
508 1.0842e-05
509 5.9872e-06
510 1.7265e-06
511 9.5815e-07
512 8.4804e-07
513 9.8711e-07
514 1.4601e-06
515 2.8774e-06
516 1.0161e-05
517 3.9551e-05
518 7.4227e-05
519 6.5991e-05
520 3.2088e-05
521 1.6391e-05
522 1.5619e-05
523 2.1535e-05
524 4.4223e-05
525 0.00012682
526 0.0002573
527 0.00029246
528 0.00018715
529 8.9818e-05
530 5.7741e-05
531 5.1043e-05
532 5.4145e-05
533 6.7645e-05
534 9.504e-05
535 0.00015346
536 0.00028937
537 0.0006401
538 0.0017056
539 0.0045874
540 0.0091845
541 0.01245
542 0.012604
543 0.011996
544 0.013349
545 0.017902
546 0.02807
547 0.049289
548 0.091407
549 0.16681
550 0.27846
551 0.41117
552 0.54496
553 0.67382
554 0.80828
555 0.95748
556 1.1288
557 1.3356
558 1.5934
559 1.9185
560 2.3188
561 2.7926
562 3.3385
563 3.9743
564 4.7215
565 5.6553
566 6.8239
567 8.2703
568 9.9565
569 11.78
570 13.611
571 15.353
572 16.903
573 18.244
574 19.391
575 20.379
576 21.297
577 22.218
578 23.214
579 24.35
580 25.575
581 26.868
582 28.133
583 29.337
584 30.495
585 31.659
586 32.882
587 34.177
588 35.501
589 36.808
590 38.021
591 39.091
592 40.073
593 41.017
594 42.018
595 43.062
596 44.187
597 45.314
598 46.362
599 47.272
600 48.033
601 48.679
602 49.287
603 49.905
604 50.581
605 51.311
606 52.063
607 52.82
608 53.568
609 54.303
610 55.042
611 55.777
612 56.494
613 57.209
614 57.885
615 58.432
616 58.881
617 59.187
618 59.425
619 59.605
620 59.818
621 60.022
622 60.299
623 60.519
624 60.743
625 60.9
626 60.983
627 61.055
628 61.114
629 61.2
630 61.375
631 61.643
632 62.015
633 62.471
634 62.973
635 63.487
636 63.928
637 64.42
638 64.866
639 65.274
640 65.674
641 66.041
642 66.32
643 66.558
644 66.686
645 66.693
646 66.611
647 66.467
648 66.271
649 66.038
650 65.821
651 65.592
652 65.366
653 65.138
654 64.863
655 64.53
656 64.159
657 63.723
658 63.252
659 62.783
660 62.295
661 61.828
662 61.366
663 60.889
664 60.416
665 59.906
666 59.394
667 58.848
668 58.363
669 57.921
670 57.557
671 57.302
672 57.108
673 57.042
674 57.033
675 57.093
676 57.204
677 57.254
678 57.314
679 57.346
680 57.343
681 57.266
682 57.178
683 57.043
684 56.838
685 56.646
686 56.402
687 56.084
688 55.706
689 55.306
690 54.822
691 54.26
692 53.683
693 53.08
694 52.451
695 51.782
696 51.114
697 50.438
698 49.72
699 49.009
700 48.271
701 47.557
702 46.828
703 46.104
704 45.467
705 44.819
706 44.236
707 43.677
708 43.181
709 42.695
710 42.194
711 41.699
712 41.169
713 40.628
714 40.048
715 39.462
716 38.908
717 38.38
718 37.885
719 37.487
720 37.164
721 36.881
722 36.708
723 36.552
724 36.459
725 36.387
726 36.318
727 36.203
728 36.085
729 35.906
730 35.712
731 35.461
732 35.196
733 34.908
734 34.604
735 34.304
736 33.976
737 33.654
738 33.309
739 32.95
740 32.598
741 32.218
742 31.806
743 31.436
744 31.066
745 30.671
746 30.292
747 29.954
748 29.591
749 29.237
750 28.898
751 28.528
752 28.164
753 27.761
754 27.324
755 26.911
756 26.47
757 26.051
758 25.639
759 25.25
760 24.901
761 24.574
762 24.282
763 24.018
764 23.771
765 23.526
766 23.24
767 22.941
768 22.585
769 22.197
770 21.761
771 21.29
772 20.802
773 20.352
774 19.901
775 19.475
776 19.113
777 18.845
778 18.598
779 18.441
780 18.31
781 18.24
782 18.191
783 18.164
784 18.106
785 18.032
786 17.925
787 17.766
788 17.563
789 17.31
790 17.021
791 16.719
792 16.39
793 16.055
794 15.738
795 15.414
796 15.083
797 14.75
798 14.433
799 14.087
800 13.086
801 12.8
802 12.531
803 12.249
804 11.974
805 11.697
806 11.421
807 11.16
808 10.913
809 10.682
810 10.444
811 10.221
812 10.004
813 9.7862
814 9.59
815 9.4099
816 9.2262
817 9.053
818 8.8727
819 8.699
820 8.5522
821 8.3966
822 8.2414
823 8.096
824 7.954
825 7.8163
826 7.6733
827 7.536
828 7.4082
829 7.2576
830 7.1147
831 6.9477
832 6.7714
833 6.6003
834 6.4115
835 6.2128
836 6.0159
837 5.792
838 5.5589
839 5.3332
840 5.1002
841 4.8665
842 4.6158
843 4.3681
844 4.1064
845 3.8407
846 3.5874
847 3.3278
848 3.0707
849 2.8221
850 2.5747
851 2.3278
852 2.1168
853 1.9128
854 1.7165
855 1.5439
856 1.3765
857 1.2199
858 1.084
859 0.96047
860 0.84867
861 0.74663
862 0.65806
863 0.57532
864 0.50474
865 0.44896
866 0.39903
867 0.35791
868 0.32453
869 0.29639
870 0.27233
871 0.25306
872 0.23491
873 0.21754
874 0.20222
875 0.18612
876 0.16997
877 0.15478
878 0.1408
879 0.12739
880 0.1143
881 0.10227
882 0.089946
883 0.078094
884 0.067631
885 0.057156
886 0.047173
887 0.03786
888 0.029396
889 0.0219
890 0.016158
891 0.011996
892 0.0092738
893 0.0076424
894 0.0067977
895 0.00608
896 0.0055912
897 0.0053845
898 0.0052167
899 0.0049189
900 0.0049028
